<?xml version="1.0" encoding="utf-8" standalone="no"?>
<!DOCTYPE svg PUBLIC "-//W3C//DTD SVG 1.1//EN"
  "http://www.w3.org/Graphics/SVG/1.1/DTD/svg11.dtd">
<svg xmlns:xlink="http://www.w3.org/1999/xlink" width="250.362375pt" height="243.758pt" viewBox="0 0 250.362375 243.758" xmlns="http://www.w3.org/2000/svg" version="1.1">
 <metadata>
  <rdf:RDF xmlns:dc="http://purl.org/dc/elements/1.1/" xmlns:cc="http://creativecommons.org/ns#" xmlns:rdf="http://www.w3.org/1999/02/22-rdf-syntax-ns#">
   <cc:Work>
    <dc:type rdf:resource="http://purl.org/dc/dcmitype/StillImage"/>
    <dc:date>2024-08-14T09:12:45.363617</dc:date>
    <dc:format>image/svg+xml</dc:format>
    <dc:creator>
     <cc:Agent>
      <dc:title>Matplotlib v3.9.1, https://matplotlib.org/</dc:title>
     </cc:Agent>
    </dc:creator>
   </cc:Work>
  </rdf:RDF>
 </metadata>
 <defs>
  <style type="text/css">*{stroke-linejoin: round; stroke-linecap: butt}</style>
 </defs>
 <g id="figure_1">
  <g id="patch_1">
   <path d="M 0 243.758 
L 250.362375 243.758 
L 250.362375 0 
L 0 0 
z
" style="fill: #ffffff"/>
  </g>
  <g id="axes_1">
   <g id="patch_2">
    <path d="M 223.17175 121.879 
C 223.17175 109.158608 220.66611 96.561905 215.798227 84.809795 
C 210.930343 73.057685 203.794885 62.378717 194.800209 53.384041 
C 185.805533 44.389365 175.126565 37.253907 163.374455 32.386023 
C 151.622345 27.51814 139.025642 25.0125 126.30525 25.0125 
C 113.584858 25.0125 100.988155 27.51814 89.236045 32.386023 
C 77.483935 37.253907 66.804967 44.389365 57.810291 53.384041 
C 48.815615 62.378717 41.680157 73.057685 36.812273 84.809795 
C 31.94439 96.561905 29.43875 109.158608 29.43875 121.879 
C 29.43875 134.599392 31.94439 147.196095 36.812273 158.948205 
C 41.680157 170.700315 48.815615 181.379283 57.810291 190.373959 
C 66.804967 199.368635 77.483935 206.504093 89.236045 211.371977 
C 100.988155 216.23986 113.584858 218.7455 126.30525 218.7455 
C 139.025642 218.7455 151.622345 216.23986 163.374455 211.371977 
C 175.126565 206.504093 185.805533 199.368635 194.800209 190.373959 
C 203.794885 181.379283 210.930343 170.700315 215.798227 158.948205 
C 220.66611 147.196095 223.17175 134.599392 223.17175 121.879 
M 126.30525 121.879 
C 126.30525 121.879 126.30525 121.879 126.30525 121.879 
C 126.30525 121.879 126.30525 121.879 126.30525 121.879 
C 126.30525 121.879 126.30525 121.879 126.30525 121.879 
C 126.30525 121.879 126.30525 121.879 126.30525 121.879 
C 126.30525 121.879 126.30525 121.879 126.30525 121.879 
C 126.30525 121.879 126.30525 121.879 126.30525 121.879 
C 126.30525 121.879 126.30525 121.879 126.30525 121.879 
C 126.30525 121.879 126.30525 121.879 126.30525 121.879 
C 126.30525 121.879 126.30525 121.879 126.30525 121.879 
C 126.30525 121.879 126.30525 121.879 126.30525 121.879 
C 126.30525 121.879 126.30525 121.879 126.30525 121.879 
C 126.30525 121.879 126.30525 121.879 126.30525 121.879 
C 126.30525 121.879 126.30525 121.879 126.30525 121.879 
C 126.30525 121.879 126.30525 121.879 126.30525 121.879 
C 126.30525 121.879 126.30525 121.879 126.30525 121.879 
C 126.30525 121.879 126.30525 121.879 126.30525 121.879 
z
" style="fill: #ffffff"/>
   </g>
   <g id="matplotlib.axis_1">
    <g id="xtick_1">
     <g id="line2d_1">
      <path d="M 126.30525 121.879 
L 126.30525 25.0125 
" clip-path="url(#p1b6134a664)" style="fill: none; stroke: #b0b0b0; stroke-width: 0.8; stroke-linecap: square"/>
     </g>
     <g id="text_1">
      <!-- 0째 -->
      <g style="fill: #191919" transform="translate(122.56275 13.2) scale(0.08 -0.08)">
       <defs>
        <path id="Roboto-Regular-30" d="M 3234 1944 
Q 3234 825 2848 381 
Q 2463 -63 1800 -63 
Q 1156 -63 764 368 
Q 372 800 359 1872 
L 359 2638 
Q 359 3753 750 4183 
Q 1141 4613 1794 4613 
Q 2447 4613 2834 4195 
Q 3222 3778 3234 2709 
L 3234 1944 
z
M 2653 2734 
Q 2653 3503 2434 3822 
Q 2216 4141 1794 4141 
Q 1388 4141 1167 3831 
Q 947 3522 941 2778 
L 941 1850 
Q 941 1088 1164 750 
Q 1388 413 1800 413 
Q 2222 413 2436 745 
Q 2650 1078 2653 1825 
L 2653 2734 
z
" transform="scale(0.015625)"/>
        <path id="Roboto-Regular-b0" d="M 409 3803 
Q 409 4138 645 4377 
Q 881 4616 1206 4616 
Q 1531 4616 1761 4377 
Q 1991 4138 1991 3803 
Q 1991 3469 1761 3234 
Q 1531 3000 1206 3000 
Q 881 3000 645 3234 
Q 409 3469 409 3803 
z
M 797 3803 
Q 797 3631 917 3515 
Q 1038 3400 1206 3400 
Q 1375 3400 1489 3515 
Q 1603 3631 1603 3803 
Q 1603 3978 1489 4097 
Q 1375 4216 1206 4216 
Q 1038 4216 917 4097 
Q 797 3978 797 3803 
z
" transform="scale(0.015625)"/>
       </defs>
       <use xlink:href="#Roboto-Regular-30"/>
       <use xlink:href="#Roboto-Regular-b0" x="56.201172"/>
      </g>
     </g>
    </g>
    <g id="xtick_2">
     <g id="line2d_2">
      <path d="M 126.30525 121.879 
L 223.17175 121.879 
" clip-path="url(#p1b6134a664)" style="fill: none; stroke: #b0b0b0; stroke-width: 0.8; stroke-linecap: square"/>
     </g>
     <g id="text_2">
      <!-- 90째 -->
      <g style="fill: #191919" transform="translate(231.181125 124.0665) scale(0.08 -0.08)">
       <defs>
        <path id="Roboto-Regular-39" d="M 3175 2563 
Q 3175 2119 3098 1667 
Q 3022 1216 2801 836 
Q 2581 456 2151 225 
Q 1722 -6 953 -6 
L 953 484 
Q 1644 484 1980 700 
Q 2316 916 2448 1264 
Q 2581 1613 2597 2006 
Q 2416 1791 2162 1656 
Q 1909 1522 1613 1522 
Q 1163 1522 875 1747 
Q 588 1972 450 2320 
Q 313 2669 313 3041 
Q 313 3691 670 4152 
Q 1028 4613 1725 4613 
Q 2244 4613 2564 4344 
Q 2884 4075 3029 3653 
Q 3175 3231 3175 2772 
L 3175 2563 
z
M 881 3072 
Q 881 2666 1086 2334 
Q 1291 2003 1706 2003 
Q 2003 2003 2245 2181 
Q 2488 2359 2600 2622 
L 2600 2850 
Q 2600 3472 2336 3803 
Q 2072 4134 1725 4134 
Q 1322 4134 1101 3829 
Q 881 3525 881 3072 
z
" transform="scale(0.015625)"/>
       </defs>
       <use xlink:href="#Roboto-Regular-39"/>
       <use xlink:href="#Roboto-Regular-30" x="56.201172"/>
       <use xlink:href="#Roboto-Regular-b0" x="112.402344"/>
      </g>
     </g>
    </g>
    <g id="xtick_3">
     <g id="line2d_3">
      <path d="M 126.30525 121.879 
L 126.30525 218.7455 
" clip-path="url(#p1b6134a664)" style="fill: none; stroke: #b0b0b0; stroke-width: 0.8; stroke-linecap: square"/>
     </g>
     <g id="text_3">
      <!-- 180째 -->
      <g style="fill: #191919" transform="translate(118.0665 234.933) scale(0.08 -0.08)">
       <defs>
        <path id="Roboto-Regular-31" d="M 2278 4575 
L 2278 0 
L 1700 0 
L 1700 3853 
L 534 3428 
L 534 3950 
L 2188 4575 
L 2278 4575 
z
" transform="scale(0.015625)"/>
        <path id="Roboto-Regular-38" d="M 3244 1231 
Q 3244 606 2826 271 
Q 2409 -63 1796 -63 
Q 1184 -63 767 271 
Q 350 606 350 1231 
Q 350 1613 554 1905 
Q 759 2197 1109 2347 
Q 806 2494 629 2762 
Q 453 3031 453 3366 
Q 453 3963 833 4288 
Q 1213 4613 1794 4613 
Q 2378 4613 2758 4288 
Q 3138 3963 3138 3366 
Q 3138 3028 2956 2761 
Q 2775 2494 2472 2347 
Q 2825 2197 3034 1903 
Q 3244 1609 3244 1231 
z
M 2559 3356 
Q 2559 3697 2346 3917 
Q 2134 4138 1793 4138 
Q 1453 4138 1243 3927 
Q 1034 3716 1034 3356 
Q 1034 3003 1243 2790 
Q 1453 2578 1797 2578 
Q 2138 2578 2348 2790 
Q 2559 3003 2559 3356 
z
M 2663 1244 
Q 2663 1625 2420 1865 
Q 2178 2106 1791 2106 
Q 1394 2106 1161 1865 
Q 928 1625 928 1244 
Q 928 850 1161 631 
Q 1394 413 1797 413 
Q 2200 413 2431 631 
Q 2663 850 2663 1244 
z
" transform="scale(0.015625)"/>
       </defs>
       <use xlink:href="#Roboto-Regular-31"/>
       <use xlink:href="#Roboto-Regular-38" x="56.201172"/>
       <use xlink:href="#Roboto-Regular-30" x="112.402344"/>
       <use xlink:href="#Roboto-Regular-b0" x="168.603516"/>
      </g>
     </g>
    </g>
    <g id="xtick_4">
     <g id="line2d_4">
      <path d="M 126.30525 121.879 
L 29.43875 121.879 
" clip-path="url(#p1b6134a664)" style="fill: none; stroke: #b0b0b0; stroke-width: 0.8; stroke-linecap: square"/>
     </g>
     <g id="text_4">
      <!-- 270째 -->
      <g style="fill: #191919" transform="translate(7.2 124.0665) scale(0.08 -0.08)">
       <defs>
        <path id="Roboto-Regular-32" d="M 3359 475 
L 3359 0 
L 381 0 
L 381 416 
L 1925 2134 
Q 2306 2566 2439 2819 
Q 2572 3072 2572 3328 
Q 2572 3663 2364 3900 
Q 2156 4138 1778 4138 
Q 1322 4138 1097 3878 
Q 872 3619 872 3213 
L 294 3213 
Q 294 3788 672 4200 
Q 1050 4613 1778 4613 
Q 2422 4613 2786 4278 
Q 3150 3944 3150 3397 
Q 3150 2997 2903 2592 
Q 2656 2188 2297 1797 
L 1078 475 
L 3359 475 
z
" transform="scale(0.015625)"/>
        <path id="Roboto-Regular-37" d="M 3319 4550 
L 3319 4225 
L 1434 0 
L 825 0 
L 2706 4075 
L 244 4075 
L 244 4550 
L 3319 4550 
z
" transform="scale(0.015625)"/>
       </defs>
       <use xlink:href="#Roboto-Regular-32"/>
       <use xlink:href="#Roboto-Regular-37" x="56.201172"/>
       <use xlink:href="#Roboto-Regular-30" x="112.402344"/>
       <use xlink:href="#Roboto-Regular-b0" x="168.603516"/>
      </g>
     </g>
    </g>
   </g>
   <g id="matplotlib.axis_2"/>
   <g id="line2d_5">
    <path d="M 126.30525 53.737064 
L 127.531587 51.81739 
L 129.993161 51.7053 
L 131.129619 53.079579 
L 132.180919 54.9073 
L 133.118165 57.239829 
L 133.783803 61.141959 
L 134.300465 65.15019 
L 134.524389 70.131952 
L 134.57057 75.136934 
L 134.422288 80.239361 
L 134.103402 85.296534 
L 133.278731 93.990773 
L 132.663942 98.217073 
L 131.395761 105.277772 
L 129.388258 113.434064 
L 127.967007 117.976285 
L 126.995797 120.528113 
L 126.30525 121.879 
L 126.281977 121.840399 
L 125.868596 120.901332 
L 124.776085 117.451273 
L 124.684896 116.906873 
L 123.899559 113.513922 
L 123.063758 108.915679 
L 122.160189 102.433809 
L 121.799689 98.765894 
L 121.628286 95.42982 
L 121.225481 89.897176 
L 121.170236 85.4443 
L 121.388927 81.951104 
L 121.386047 75.206873 
L 122.441567 66.77974 
L 123.137694 61.606628 
L 124.072056 58.106471 
L 125.137263 55.150956 
L 126.30525 53.737064 
L 126.30525 53.737064 
" clip-path="url(#p1b6134a664)" style="fill: none; stroke: #1e2e79; stroke-width: 1.5; stroke-linecap: square"/>
   </g>
   <g id="line2d_6">
    <path d="M 126.30525 121.879 
L 126.481979 122.265576 
L 127.234342 124.494792 
L 128.200688 127.872775 
L 129.274343 132.55396 
L 129.986252 136.071097 
L 131.434082 144.947313 
L 132.283384 151.178609 
L 132.913854 157.434533 
L 133.429063 164.328779 
L 133.80856 171.943289 
L 134.032602 180.409145 
L 133.882495 188.19729 
L 133.388847 195.239353 
L 132.65705 202.361152 
L 131.537158 207.181732 
L 130.19786 210.786465 
L 128.670294 211.945388 
L 127.107206 213.518817 
L 125.517347 211.912883 
L 124.106641 205.607171 
L 122.819573 201.492086 
L 121.899709 193.708371 
L 121.209255 186.449149 
L 120.852681 178.34783 
L 120.659003 171.29663 
L 121.35756 154.891438 
L 121.811658 148.655672 
L 122.93955 138.37473 
L 124.24539 130.434195 
L 125.363292 125.049656 
L 126.300059 121.88894 
L 126.30525 121.879 
L 126.30525 121.879 
" clip-path="url(#p1b6134a664)" style="fill: none; stroke-dasharray: 5.55,2.4; stroke-dashoffset: 0; stroke: #1e2e79; stroke-width: 1.5"/>
   </g>
   <g id="line2d_7">
    <path d="M 126.30525 62.467968 
L 127.416506 58.392047 
L 128.732879 52.554054 
L 130.110207 49.478135 
L 131.552522 47.048639 
L 133.016437 45.383955 
L 134.258814 46.417641 
L 135.554964 46.757485 
L 137.474135 51.560582 
L 138.157477 54.852247 
L 138.449422 59.580542 
L 138.425594 65.020394 
L 138.162376 70.667831 
L 137.762745 76.058378 
L 136.231247 87.364284 
L 135.038553 93.397864 
L 134.492166 96.757087 
L 132.18948 105.76099 
L 129.731058 113.833327 
L 128.587123 117.000996 
L 126.902297 120.848359 
L 126.30525 121.879 
L 126.271017 121.809036 
L 126.006133 120.961146 
L 125.404536 118.276879 
L 124.907788 115.323265 
L 124.368239 110.924807 
L 123.826959 104.294672 
L 123.652741 100.336655 
L 123.570047 95.928102 
L 123.758348 85.558105 
L 124.115169 80.206066 
L 124.635173 74.187219 
L 125.365971 68.217264 
L 126.30525 62.467968 
L 126.30525 62.467968 
" clip-path="url(#p1b6134a664)" style="fill: none; stroke: #ec4067; stroke-width: 1.5; stroke-linecap: square"/>
   </g>
   <g id="line2d_8">
    <path d="M 126.30525 121.879 
L 126.508668 122.368579 
L 127.132439 124.343836 
L 127.875272 127.163736 
L 129.334057 134.458513 
L 130.135418 139.106221 
L 130.89751 144.38626 
L 132.210757 157.06907 
L 132.615135 163.980405 
L 132.943948 172.163232 
L 133.067607 181.065151 
L 132.804877 189.191541 
L 132.180739 196.325939 
L 131.273136 202.877028 
L 130.093105 208.393843 
L 128.681337 212.365948 
L 127.112549 214.129277 
L 125.498354 214.083292 
L 123.942912 211.842348 
L 122.604895 206.395332 
L 121.303816 203.424005 
L 120.425871 196.375227 
L 119.96974 187.491885 
L 119.763072 171.432144 
L 120.220177 162.480396 
L 120.753496 154.961105 
L 121.359266 148.489324 
L 122.188336 142.056529 
L 123.547367 133.333286 
L 125.173823 125.687411 
L 126.159526 122.247811 
L 126.30525 121.879 
L 126.30525 121.879 
" clip-path="url(#p1b6134a664)" style="fill: none; stroke-dasharray: 5.55,2.4; stroke-dashoffset: 0; stroke: #ec4067; stroke-width: 1.5"/>
   </g>
   <g id="line2d_9">
    <path d="M 126.30525 61.626532 
L 128.307874 64.690787 
L 129.696794 73.512823 
L 130.384295 75.385474 
L 130.67314 80.43759 
L 131.016736 83.614681 
L 131.196358 87.174901 
L 131.141098 94.531296 
L 130.358518 104.372854 
L 129.088878 112.199757 
L 128.057357 116.80574 
L 126.715021 121.003025 
L 126.30525 121.879 
L 126.257306 121.824068 
L 125.841962 121.168098 
L 124.952029 119.445822 
L 122.878162 114.205742 
L 122.670058 113.341578 
L 121.159281 108.514092 
L 119.253373 98.881349 
L 118.213368 91.767537 
L 117.897725 88.25577 
L 117.971247 85.884274 
L 117.779404 81.8828 
L 117.934504 78.937863 
L 118.254541 76.350601 
L 118.41537 72.204939 
L 118.894957 69.300416 
L 119.588473 67.328723 
L 120.279437 64.707644 
L 120.969099 61.056807 
L 122.112226 62.083068 
L 123.102628 60.939387 
L 124.141713 60.095638 
L 125.220276 59.893591 
L 126.30525 61.626532 
L 126.30525 61.626532 
" clip-path="url(#p1b6134a664)" style="fill: none; stroke: #f99752; stroke-width: 1.5; stroke-linecap: square"/>
   </g>
   <g id="line2d_10">
    <path d="M 126.30525 121.879 
L 126.504126 122.259793 
L 127.233378 124.006898 
L 128.836947 129.006808 
L 130.583747 135.408512 
L 132.301784 143.438702 
L 133.60774 150.033742 
L 135.126922 161.556865 
L 135.774703 168.290018 
L 136.175369 174.982098 
L 136.491777 182.57905 
L 136.210935 187.972643 
L 135.151215 199.301506 
L 134.045517 202.04007 
L 132.778379 203.898485 
L 131.369895 204.45463 
L 129.957313 205.292359 
L 128.42445 202.583082 
L 125.67574 193.813338 
L 124.576933 187.697356 
L 122.985625 176.003248 
L 122.426713 162.046563 
L 122.358965 156.418058 
L 122.455119 151.041476 
L 123.230351 140.201882 
L 123.43127 137.341555 
L 124.212563 131.29143 
L 125.344151 125.334498 
L 126.147507 122.278231 
L 126.30525 121.879 
L 126.30525 121.879 
" clip-path="url(#p1b6134a664)" style="fill: none; stroke-dasharray: 5.55,2.4; stroke-dashoffset: 0; stroke: #f99752; stroke-width: 1.5"/>
   </g>
   <g id="line2d_11">
    <path d="M 126.30525 53.722851 
L 128.842668 49.418859 
L 130.010975 51.366327 
L 131.226351 51.700107 
L 132.179169 54.92725 
L 133.316593 55.357194 
L 133.738826 61.507238 
L 134.372991 64.635592 
L 134.721647 68.890027 
L 134.562819 79.518451 
L 134.366382 84.062853 
L 132.852309 97.516125 
L 130.77506 108.163191 
L 129.043532 114.767241 
L 127.361004 119.622094 
L 126.411989 121.715213 
L 126.30525 121.879 
L 126.26272 121.805583 
L 125.897918 120.966983 
L 125.158043 118.736586 
L 124.008495 113.892715 
L 123.240162 109.621153 
L 122.40514 103.582918 
L 121.973804 99.659092 
L 121.463958 91.398605 
L 121.300748 86.370327 
L 121.474881 76.049713 
L 121.894853 71.608672 
L 123.194067 62.679299 
L 125.146869 55.699798 
L 126.30525 53.722851 
L 126.30525 53.722851 
" clip-path="url(#p1b6134a664)" style="fill: none; stroke: #1b998b; stroke-width: 1.5; stroke-linecap: square"/>
   </g>
   <g id="line2d_12">
    <path d="M 126.30525 121.879 
L 126.455322 122.192632 
L 127.072526 123.924955 
L 127.677528 125.968081 
L 128.728577 130.035982 
L 129.915954 135.800065 
L 130.676209 140.032856 
L 132.266952 151.098074 
L 133.046715 158.14935 
L 133.576869 165.209532 
L 133.854632 179.061128 
L 133.774366 187.250916 
L 133.073822 191.97684 
L 132.38379 198.898741 
L 131.348478 204.10543 
L 130.072983 207.934269 
L 128.647526 211.078322 
L 127.079747 210.381037 
L 125.549656 208.220971 
L 124.129925 204.720448 
L 122.908805 199.454009 
L 121.881929 193.998268 
L 121.17827 186.841751 
L 120.699536 179.933854 
L 120.626581 164.891574 
L 120.977444 157.427686 
L 121.394715 151.140171 
L 121.99013 145.095157 
L 123.781395 132.3613 
L 125.139551 125.802774 
L 126.107113 122.380462 
L 126.30525 121.879 
L 126.30525 121.879 
" clip-path="url(#p1b6134a664)" style="fill: none; stroke-dasharray: 5.55,2.4; stroke-dashoffset: 0; stroke: #1b998b; stroke-width: 1.5"/>
   </g>
   <g id="patch_3">
    <path d="M 126.30525 25.0125 
C 113.584858 25.0125 100.988155 27.51814 89.236045 32.386023 
C 77.483935 37.253907 66.804967 44.389365 57.810291 53.384041 
C 48.815615 62.378717 41.680157 73.057685 36.812273 84.809795 
C 31.94439 96.561905 29.43875 109.158608 29.43875 121.879 
C 29.43875 134.599392 31.94439 147.196095 36.812273 158.948205 
C 41.680157 170.700315 48.815615 181.379283 57.810291 190.373959 
C 66.804967 199.368635 77.483935 206.504093 89.236045 211.371977 
C 100.988155 216.23986 113.584858 218.7455 126.30525 218.7455 
C 139.025642 218.7455 151.622345 216.23986 163.374455 211.371977 
C 175.126565 206.504093 185.805533 199.368635 194.800209 190.373959 
C 203.794885 181.379283 210.930343 170.700315 215.798227 158.948205 
C 220.66611 147.196095 223.17175 134.599392 223.17175 121.879 
C 223.17175 109.158608 220.66611 96.561905 215.798227 84.809795 
C 210.930343 73.057685 203.794885 62.378717 194.800209 53.384041 
C 185.805533 44.389365 175.126565 37.253907 163.374455 32.386023 
C 151.622345 27.51814 139.025642 25.0125 126.30525 25.0125 
" style="fill: none; stroke: #c2c1c1; stroke-width: 0.8; stroke-linejoin: miter; stroke-linecap: square"/>
   </g>
  </g>
 </g>
 <defs>
  <clipPath id="p1b6134a664">
   <path d="M 223.17175 121.879 
C 223.17175 109.158608 220.66611 96.561905 215.798227 84.809795 
C 210.930343 73.057685 203.794885 62.378717 194.800209 53.384041 
C 185.805533 44.389365 175.126565 37.253907 163.374455 32.386023 
C 151.622345 27.51814 139.025642 25.0125 126.30525 25.0125 
C 113.584858 25.0125 100.988155 27.51814 89.236045 32.386023 
C 77.483935 37.253907 66.804967 44.389365 57.810291 53.384041 
C 48.815615 62.378717 41.680157 73.057685 36.812273 84.809795 
C 31.94439 96.561905 29.43875 109.158608 29.43875 121.879 
C 29.43875 134.599392 31.94439 147.196095 36.812273 158.948205 
C 41.680157 170.700315 48.815615 181.379283 57.810291 190.373959 
C 66.804967 199.368635 77.483935 206.504093 89.236045 211.371977 
C 100.988155 216.23986 113.584858 218.7455 126.30525 218.7455 
C 139.025642 218.7455 151.622345 216.23986 163.374455 211.371977 
C 175.126565 206.504093 185.805533 199.368635 194.800209 190.373959 
C 203.794885 181.379283 210.930343 170.700315 215.798227 158.948205 
C 220.66611 147.196095 223.17175 134.599392 223.17175 121.879 
M 126.30525 121.879 
C 126.30525 121.879 126.30525 121.879 126.30525 121.879 
C 126.30525 121.879 126.30525 121.879 126.30525 121.879 
C 126.30525 121.879 126.30525 121.879 126.30525 121.879 
C 126.30525 121.879 126.30525 121.879 126.30525 121.879 
C 126.30525 121.879 126.30525 121.879 126.30525 121.879 
C 126.30525 121.879 126.30525 121.879 126.30525 121.879 
C 126.30525 121.879 126.30525 121.879 126.30525 121.879 
C 126.30525 121.879 126.30525 121.879 126.30525 121.879 
C 126.30525 121.879 126.30525 121.879 126.30525 121.879 
C 126.30525 121.879 126.30525 121.879 126.30525 121.879 
C 126.30525 121.879 126.30525 121.879 126.30525 121.879 
C 126.30525 121.879 126.30525 121.879 126.30525 121.879 
C 126.30525 121.879 126.30525 121.879 126.30525 121.879 
C 126.30525 121.879 126.30525 121.879 126.30525 121.879 
C 126.30525 121.879 126.30525 121.879 126.30525 121.879 
C 126.30525 121.879 126.30525 121.879 126.30525 121.879 
z
"/>
  </clipPath>
 </defs>
</svg>
